,ABCB4,ALPA4,AMAR3,BBAS3,BBDC4,BEEF3,BRAP4,BRFS3,BRML3,BRPR3,BTOW3,CCRO3,CIEL3,CMIG4,CPFE3,CSAN3,CSMG3,CSNA3,CYRE3,DIRR3,DTEX3,ECOR3,ELET3,EMBR3,ENBR3,EQTL3,EVEN3,EZTC3,FLRY3,GFSA3,GGBR4,GOAU4,GOLL4,GRND3,GUAR3,HBOR3,HGTX3,HYPE3,IGTA3,ITSA4,ITUB4,JBSS3,JHSF3,JSLG3,KLBN4,LAME4,LIGT3,LOGN3,LREN3,MDIA3,MGLU3,MILS3,MRFG3,MRVE3,MULT3,MYPK3,OIBR3,PETR4,POMO4,POSI3,PSSA3,QUAL3,RADL3,RAPT4,RENT3,SBSP3,SLCE3,SMTO3,TCSA3,TIMP3,TOTS3,TRPL4,UGPA3,VALE3,VIVT4,WEGE3
ABCB4,1.0,0.2015148731601173,0.16176088019829812,0.43785188581246215,0.47856129108068407,0.15502387230379086,0.2635583024251509,0.21194151920475957,0.33590053689432,0.20002414835583462,0.14647596725957546,0.28533545149056405,0.26140453468684444,0.3250474998103528,0.2805138527391793,0.2996290708636184,0.2233712913573517,0.2517604204561075,0.32879643848114276,0.2926266447229831,0.30143608332989,0.2556986932267586,0.3058896464748765,0.09340053632996341,0.24429189860769693,0.2574046144604018,0.30725128248143,0.3629695107388571,0.1493995017639126,0.2614673915582851,0.2214564280932534,0.23606748031131722,0.260355386788082,0.20444660136395668,0.19605598674553545,0.22177683188283578,0.26416072112172495,0.26254965006803704,0.30129385601991043,0.4709753305431238,0.45532444594774885,0.22403190424191255,0.23814537446896056,0.19411198778445185,0.14826269050381935,0.2864905242602152,0.2799303590533794,0.12514270102476827,0.2915818994110937,0.18895570238980194,0.18903929937514333,0.20532235347838126,0.1910308545087209,0.22781844886462557,0.3226558894042921,0.23523965477022665,0.13875975150213085,0.3555581587654298,0.2328597559252643,0.1416928816594895,0.1893821842410856,0.19160479371583253,0.20510755521451884,0.27799150654180355,0.2825374556605945,0.30395344964978044,0.12209435746893826,0.19109511599741555,0.2990768266569893,0.21679105354631084,0.19774788017581887,0.24450567132432444,0.3315054708037301,0.2081246743114983,0.28603440173001293,0.1452693704912434
ALPA4,0.2015148731601173,1.0,0.1546407371741508,0.23450940787397392,0.26945067607044,0.09908854426266327,0.16121262100014344,0.16742454962787084,0.2688810411184824,0.2076153969663196,0.12073972958127706,0.22683362850323943,0.20655787850195123,0.19274188449931307,0.22139441545664176,0.2051182647860884,0.13031569780367142,0.15301782379617032,0.27944458821060764,0.18194094947413392,0.2281617488196227,0.2217602616896037,0.1831196080766867,0.1076867252593213,0.16907691482460602,0.19581247172939395,0.2538044020009458,0.27485788236248704,0.16637253149892953,0.2636101255599978,0.1308329943497398,0.13483704407195812,0.21394065051457342,0.22312878065703132,0.1857734025339862,0.18020902112928808,0.17873372900554022,0.22177889741621779,0.22235660340123434,0.2637790461766012,0.25473721702609553,0.17437699806770726,0.15556895999633732,0.15460263136539576,0.13263696518496648,0.20463890769012877,0.1905224955541505,0.09284931335398872,0.2371691363912965,0.157792000629018,0.13383965930134006,0.14318494496737308,0.18932542174173084,0.2366672259499109,0.23550885329743015,0.1877094891852997,0.08682346762561888,0.21886853375838405,0.1525310598010341,0.12761077113498978,0.13839942380687298,0.15099101199298556,0.16512642975280242,0.15433305160147479,0.23280113942069033,0.22506153507522883,0.13458981887170843,0.1898584578852252,0.21389265697689566,0.15722331756291336,0.16028011828189348,0.1815267611361569,0.21996519296607445,0.12267055146399274,0.20902926525587112,0.10557943296931653
AMAR3,0.16176088019829812,0.1546407371741508,1.0,0.24322019034469355,0.2671079495328979,0.13768771233377672,0.17653934715964972,0.1546193720983696,0.251318111137587,0.19208228362359794,0.13635588725918357,0.21598817896748437,0.20424201149120405,0.2425923174609381,0.20862035841791196,0.18784844730867323,0.14421035429273518,0.17987307285210755,0.23571658088603992,0.21214300907302577,0.1800273503299918,0.20485861180216017,0.20457874974873883,0.08141640097476947,0.18806859051249944,0.1987389289443417,0.24109454187725668,0.19580787872589006,0.12995013786499224,0.21058199305554268,0.16898106393562826,0.1744755213903498,0.14754025179901994,0.16424181073942204,0.16746243565446717,0.1755516786306929,0.29878333276308566,0.2465188837130071,0.22791571472668273,0.24455324037800602,0.2419166048893607,0.15106893678139482,0.1703043977630805,0.14410904781582087,0.1325916367735886,0.2735131088003902,0.19517671260380703,0.1118993935070935,0.2988025092307386,0.1337635296283017,0.21148457116918895,0.16900858830429122,0.18881104373821234,0.1973547347128839,0.22496936958483177,0.18399157426887572,0.13843215941891795,0.23147181264206365,0.15422143785718892,0.14933553460248977,0.1385121334203569,0.156252032906245,0.15257529246902163,0.20050481734321116,0.23154292454446584,0.1822623194006768,0.0827681622432815,0.13712512187089096,0.23001779262427566,0.1867937499977393,0.14374927233908885,0.14443823577947537,0.2060258732774723,0.18205975485145334,0.19224236842830508,0.12382781681782264
BBAS3,0.43785188581246215,0.23450940787397392,0.24322019034469355,1.0,0.6769984431397095,0.17836300456778495,0.37178940385589737,0.34114978594213363,0.48202396746371423,0.29262803543545934,0.2217501960615445,0.42054736996107567,0.37159526653121544,0.4300319019538668,0.4145650976131305,0.396877930532309,0.23280795985644703,0.3642672135211078,0.43164491036925884,0.3313315855593239,0.3687995163607624,0.4033802308307069,0.41992155370847406,0.11742652996281168,0.3532505360959711,0.3423673267301165,0.39502726086289963,0.4089364496741383,0.18324464488202208,0.35238770681103954,0.33758804021126554,0.3369031824866134,0.35072574808542134,0.27140858598126427,0.238445515220067,0.30700139615118516,0.3275192875336781,0.3945986160647287,0.3804609165678806,0.673479358910237,0.6688627400585384,0.2949275419005721,0.31515053000989807,0.2520163405484807,0.1821546617266745,0.4432696802906669,0.3497340519325577,0.1526943969251533,0.39807748482139854,0.24941977177953895,0.2556113203446556,0.27496461920972126,0.28020686386931704,0.3676688429369848,0.45130423305452255,0.26488588149937603,0.16109662902460953,0.5483319898344756,0.29854992249745566,0.2248478198589396,0.33687568322102424,0.3184327374008889,0.2684442138736623,0.3565479945034531,0.37007607134559445,0.39202701426696496,0.11848725548450467,0.2179053760330613,0.3810719871447969,0.3083489812041472,0.24302291387140917,0.3305450048511326,0.4160784626021174,0.3217627479854641,0.3766219394826265,0.23122406325715963
BBDC4,0.47856129108068407,0.26945067607044,0.2671079495328979,0.6769984431397095,1.0,0.19309066829002428,0.40401041262961535,0.3794898740110993,0.5111716860558028,0.33199932161991946,0.20169457031978988,0.4428160381078508,0.38849034695007156,0.41746403427439854,0.4656099931295157,0.44982176825298853,0.23412125214502663,0.36484705516933935,0.4553031047163182,0.36575676420356235,0.4361900420747125,0.4244576856322197,0.44712926591042024,0.1751263440645285,0.3712638004602154,0.3588390325502625,0.4447995672269288,0.42542367658117275,0.17932824768515784,0.39350536580695594,0.3601327119927598,0.3540111679386379,0.40046639286443775,0.29467855446561053,0.24368437632497286,0.32382897880900746,0.3585439469514545,0.3844259944971995,0.4264220926485393,0.7969703573259336,0.839705946342993,0.30671158168731844,0.31268231468896285,0.25218845725767125,0.2098979907910057,0.48839184148916787,0.367085047635354,0.16389248958809916,0.445151989605766,0.28791122302275646,0.27470081563761356,0.2716234062069825,0.28500281393471005,0.3732104687980736,0.49327603386333035,0.31510844021676465,0.17955220680193118,0.5847553187772185,0.3266516574373209,0.21839569318553792,0.3762780017233413,0.296529063166796,0.2957062861342837,0.37369547954615556,0.42077402001085823,0.42555023848517787,0.11652122283345248,0.22154134597355235,0.40523397453527893,0.3488966856737384,0.25512622281711633,0.31851880621647166,0.4655440810682184,0.36771653568397683,0.4089135474460965,0.26267406553343975
BEEF3,0.15502387230379086,0.09908854426266327,0.13768771233377672,0.17836300456778495,0.19309066829002428,1.0,0.20771059039814155,0.22744538743947396,0.18878956985144146,0.13487495327065885,0.1287170734805584,0.20893954929303224,0.1677386016938047,0.1695834802323373,0.22688465502594415,0.1825447133436735,0.11682281042879229,0.20860304766868965,0.19261668189439698,0.1539342825406275,0.20194378395920418,0.1629147299558684,0.16877550882850945,0.17187500393392635,0.16350735317461454,0.16463685222883512,0.1851916989472991,0.19971570811412676,0.10196427918691696,0.1595123430303625,0.2303177101136708,0.2316168131942884,0.17996944885064775,0.1452878501418253,0.12182635376365836,0.12148362312415915,0.16026612741598226,0.19621778614531574,0.14514433635668292,0.17600933905240268,0.18478824603379376,0.25985866509864464,0.17866115932362941,0.12541231172627457,0.1890814654425982,0.1934820922581027,0.15935576244379213,0.11384785325525035,0.19104322592764816,0.10751958416656883,0.15422781303310232,0.10513108283374654,0.35444127271915493,0.20847280425870787,0.15302049984614993,0.17550578171691072,0.13616603549640888,0.1833447538536361,0.092822311556687,0.10143195160918823,0.1347565835718344,0.10352823647506619,0.11618401633740119,0.18290175327077637,0.15165317156070207,0.17288255962343152,0.1354904028484958,0.18474074703334326,0.14860962740424347,0.19004686343396857,0.14295737099008676,0.15732678613302883,0.19120558117744468,0.20176098976416834,0.1809064962193133,0.1377955182512795
BRAP4,0.2635583024251509,0.16121262100014344,0.17653934715964972,0.37178940385589737,0.40401041262961535,0.20771059039814155,1.0,0.23966078101913035,0.32563708930251406,0.19507945693334575,0.16027077062480138,0.29344125707114666,0.23240622219255985,0.3202609575962038,0.2884697155600877,0.2815749505665441,0.18262379747420368,0.5863803346742034,0.3212571071934614,0.17691393363721614,0.31502493844270085,0.31071005131453755,0.3021087651156937,0.1701126155237599,0.26087740258341974,0.20519903747118876,0.2940492138539033,0.2595805557145322,0.12077498834661159,0.29940914385573075,0.5811881235425123,0.5836376826114527,0.30628310516158824,0.1813903129053136,0.2116283609090503,0.17746463030647247,0.22339476571545425,0.25778801675866375,0.24976201551265398,0.3594649849890443,0.3751471467708958,0.19600380317414562,0.27651258764677067,0.15189555602367208,0.21656598956152698,0.3262471885136801,0.26471902803489117,0.1492308750026148,0.2897599285517156,0.19518483483402788,0.2524165781466438,0.2052620023061687,0.21784992921500845,0.2667475678073856,0.2886568144018839,0.25365360300803796,0.1749516537344817,0.47339977127242455,0.1764142094868773,0.14393127881009746,0.18072213853301536,0.20148952092402045,0.15845747130790291,0.2661286491769062,0.29119129406831734,0.265613040758993,0.10473234854626298,0.13777293004912158,0.27236348228203533,0.32873032755452025,0.2007233050396395,0.20431577986043753,0.2883800449527973,0.8773137819691423,0.3107378877529139,0.1772537706797886
BRFS3,0.21194151920475957,0.16742454962787084,0.1546193720983696,0.34114978594213363,0.3794898740110993,0.22744538743947396,0.23966078101913035,1.0,0.2946602507376012,0.215186417630829,0.14338304208084338,0.3324823594233397,0.29144037566640557,0.2607427692153667,0.3249988648587778,0.23949656576481684,0.16567873065202707,0.2551652516751614,0.31113055594130407,0.2321602095105877,0.24485770397703227,0.28433297511776384,0.21744353909645478,0.20604330058929304,0.23359479497488542,0.1825450584127565,0.250170844863354,0.27223621456327446,0.11087309169486462,0.2581296039473443,0.25560014332311254,0.2589277270126571,0.2471215848822498,0.19677797841656874,0.17155252962136253,0.20594947738535246,0.2249368243783954,0.25913342782825594,0.26860921459596093,0.35648936282490745,0.35509249826540923,0.3298437873925284,0.20256325019130422,0.15513337541276262,0.22037856366644348,0.3375933819614729,0.24099771537012493,0.11532528414302123,0.31083602283162953,0.23307076701350415,0.14699660730732783,0.1325326944591248,0.22726560007286495,0.2505724511989438,0.29213551034921775,0.2113320428228454,0.10670820281424227,0.3153008438882804,0.2327215795720334,0.1315430630082737,0.24348072271727642,0.18380677397563622,0.16403684864642126,0.2570318016673057,0.27500783614302027,0.2697655115518644,0.11640271985735193,0.19962283712483112,0.2124128444320752,0.2344355094622357,0.24607321444021282,0.1880708522424709,0.3465950127742888,0.21634409504589086,0.2927422238131425,0.24611436606974255
BRML3,0.33590053689432,0.2688810411184824,0.251318111137587,0.48202396746371423,0.5111716860558028,0.18878956985144146,0.32563708930251406,0.2946602507376012,1.0,0.42817302559120274,0.2417168250132027,0.5178874140182602,0.36453945640073027,0.3446366938059537,0.4406901449545091,0.38979157713828294,0.23235164449912052,0.34693516622751397,0.4817857745646368,0.3176784403030793,0.4045778902050543,0.4241529785222537,0.3555582274319685,0.09877870644633409,0.32545293572835626,0.3277349122830931,0.41182131861545973,0.39763401291777434,0.16162740559254893,0.3633904578810517,0.26875896253610604,0.2648958918812586,0.3035312509244105,0.21294398139307483,0.2545142985269341,0.2682233243876893,0.3466924036121883,0.4098495124357329,0.5342802232044305,0.5067652067962036,0.5048495293134613,0.242350077109809,0.30901442327511525,0.22329095122539527,0.16196134408867258,0.4746587294241557,0.3448613940583545,0.14283080427441563,0.46524947210119955,0.24321588632756497,0.25437990963666973,0.26685402629130317,0.3163622184741216,0.377290604377941,0.6230588924966441,0.2555214655084567,0.2272997916143465,0.46292088044816004,0.2883370925858978,0.1812192812717787,0.2795895755453516,0.2913237652338674,0.2357237376366922,0.3203677493599274,0.41066673289223093,0.3643282014441371,0.1385346806654168,0.24604865971313922,0.3632305552609082,0.29642468255037835,0.22851209611178971,0.28434860315588767,0.4253484073963874,0.27629507901999467,0.35518633668285204,0.20389214183756219
BRPR3,0.20002414835583462,0.2076153969663196,0.19208228362359794,0.29262803543545934,0.33199932161991946,0.13487495327065885,0.19507945693334575,0.215186417630829,0.42817302559120274,1.0,0.13172003528145507,0.31604033319922653,0.23988299107036465,0.26608913185768424,0.32524515393915904,0.26594238274364346,0.17248744048324197,0.1983361179313001,0.3581921247462464,0.23208235191431772,0.25493900770029404,0.270598604660532,0.32663613358452126,0.06796265488086929,0.3056025287712536,0.2491173542405746,0.29778354139189417,0.30434191794211246,0.09254406078365256,0.28652146811655793,0.17490067803206072,0.1500128551840815,0.2481647433360563,0.2741142231381536,0.14690521624620273,0.20690002735398255,0.2419633323620649,0.23491501291097328,0.3739438874191635,0.32989238518840813,0.318367106168167,0.20816842636372362,0.24564275139496428,0.16476667530366254,0.14802010416937658,0.2903423534548199,0.2618033499825825,0.12732881360325984,0.26761509348567586,0.14727658838621546,0.16082339024532707,0.22303514412698872,0.2364898174291354,0.29700148853182634,0.4191984289983985,0.19492779286182046,0.16109676753169294,0.29862089307606215,0.21822769387594454,0.12319215121839427,0.19045953410951458,0.2067841656225823,0.13711652102941496,0.25193838748660197,0.27787332103790036,0.28679022220161504,0.1084684851273352,0.1634085410691278,0.24742189492791436,0.18782001300686077,0.17498010394447555,0.21904503004263592,0.2910622760653911,0.16078692226682428,0.21416174386815442,0.09067371492627635
BTOW3,0.14647596725957546,0.12073972958127706,0.13635588725918357,0.2217501960615445,0.20169457031978988,0.1287170734805584,0.16027077062480138,0.14338304208084338,0.2417168250132027,0.13172003528145507,1.0,0.1848042960756271,0.13615093214439433,0.1645563428390381,0.2006481689486384,0.17624468400622667,0.10735953382333005,0.18999589505836753,0.22238487099443457,0.16247361645108926,0.23071961986616482,0.15801070515106838,0.19237068124766862,0.14221813857635562,0.16753591836310744,0.16959494790333932,0.20640699304413682,0.2197650874921601,0.0929117905333261,0.2629265432338379,0.19345692802887113,0.18477717235737112,0.20080485271825008,0.11499196808421562,0.1615098988780906,0.12471852544416749,0.18355821040638842,0.21829940121787045,0.19145490671373336,0.2199334137849996,0.2149718970058071,0.11612101465844596,0.1317834515121259,0.10514924544449487,0.16427137767648103,0.3169039013080259,0.1946466885573857,0.09061275327251188,0.21865918797437597,0.15374088964315313,0.15575886155411073,0.11551103983182463,0.11301891038025788,0.28166812919367545,0.16338941811606175,0.1304389980464683,0.2067605471049229,0.2240223601045838,0.12987387416014207,0.07778403617685423,0.13781361910291798,0.13501815578614873,0.14340960214705706,0.18250497583093778,0.22367243705945564,0.19595052098613158,0.09241292921583143,0.12769699831085382,0.16226091650724636,0.16713987271736802,0.11453304605448708,0.14208848045185368,0.17924844471871929,0.1358020458859038,0.19166625415368482,0.14334184817010182
CCRO3,0.28533545149056405,0.22683362850323943,0.21598817896748437,0.42054736996107567,0.4428160381078508,0.20893954929303224,0.29344125707114666,0.3324823594233397,0.5178874140182602,0.31604033319922653,0.1848042960756271,1.0,0.38026897233894635,0.3659558248442838,0.4347391446670012,0.37576778436365077,0.22925805699292146,0.2829422760434474,0.41727436185587075,0.31688009245635435,0.35086478306130675,0.5686646276773963,0.3437684013874965,0.11590674139195296,0.35433416708543375,0.3422402982164341,0.3719235863905422,0.3930848133536143,0.14379008022756845,0.31348031639801743,0.24695957537760455,0.2419295002024244,0.2793698222123454,0.21285274401713222,0.2219991698392046,0.26958247721941636,0.3029674724667991,0.37501648483544464,0.38712018159739425,0.4503582116253851,0.4414493686425651,0.2579059131796266,0.28164095216152785,0.21330669622055598,0.15483265198060925,0.43521061024019225,0.3280168429295043,0.15260137478276747,0.4175501999114584,0.24131474128104183,0.1987682575976739,0.22982127652228174,0.26811291088057215,0.36561326546213896,0.48833617258931805,0.22875389532479123,0.19085948905091366,0.41376305492785825,0.28747259905622674,0.1519703231619911,0.2939845674720945,0.29207741651709257,0.273126699644783,0.33549651287497456,0.4164442057145115,0.3574076118048217,0.13171908058582896,0.2352879720465976,0.2975108202035784,0.2841084701185971,0.23919257220760268,0.2923422109761072,0.3889926119547077,0.23290684230885403,0.3656065574385386,0.23741217605933557
CIEL3,0.26140453468684444,0.20655787850195123,0.20424201149120405,0.37159526653121544,0.38849034695007156,0.1677386016938047,0.23240622219255985,0.29144037566640557,0.36453945640073027,0.23988299107036465,0.13615093214439433,0.38026897233894635,1.0,0.29098309462547783,0.3308975183533945,0.28015463313378064,0.17393433485086485,0.1992571751811486,0.3116560279432145,0.20628264897582885,0.28570764454399183,0.32970232322887516,0.24886547974330447,0.15055855417986075,0.23557257288533978,0.3124934526121174,0.2876171472565503,0.3148908538399129,0.13886610651094897,0.24259401623225613,0.2032673819030949,0.20311735179016246,0.2430629932612041,0.2186950697919188,0.1865165715354907,0.2127330490629169,0.24438028199925385,0.2980249181087546,0.3436796081552924,0.3887198094420666,0.36806255019265127,0.22908727784341243,0.2186201399082956,0.18828872699626076,0.16322599032667026,0.35736237019163414,0.2676808683234551,0.12916914645256855,0.3629461869298142,0.2233451860003237,0.18657180394037168,0.2110300909255879,0.2075118073507312,0.30227693384401544,0.36907255382925425,0.20268138222244092,0.16378154831603903,0.3290415811902174,0.2118542834132109,0.15553658843571336,0.23115109755881919,0.2710346566776213,0.2331970579003929,0.2609953069697639,0.34253841484014924,0.3205144625940062,0.12285294151457458,0.19168493015173854,0.27672198290813993,0.2728436594708504,0.273551346108439,0.24942918273160736,0.38992710978778333,0.20162057298093927,0.29719473768408655,0.22896077381545143
CMIG4,0.3250474998103528,0.19274188449931307,0.2425923174609381,0.4300319019538668,0.41746403427439854,0.1695834802323373,0.3202609575962038,0.2607427692153667,0.3446366938059537,0.26608913185768424,0.1645563428390381,0.3659558248442838,0.29098309462547783,1.0,0.48994083478395845,0.3014555105967456,0.271010534723952,0.3376195560281735,0.371161859583098,0.23897178191409496,0.3234903553457106,0.3262472645615833,0.4511828378931034,0.14498118890075426,0.4142997255797452,0.34761823528341707,0.30239770198458726,0.3452963825000119,0.14091033512818707,0.30265219836716756,0.28684168830869655,0.31426903770161596,0.2972779135080012,0.23141591266835704,0.18457980729182225,0.26053167033529706,0.2835422207767844,0.32967190270706925,0.31354859637479765,0.412717252497275,0.4041750879193944,0.2642005175754806,0.2587680538299284,0.2203123225082058,0.22856605749195366,0.37825929034466044,0.523174987297845,0.16376373452461812,0.3407793065782304,0.20201320455227256,0.19737382064258,0.2529640032884027,0.24773352143339336,0.28470771905527403,0.34282234726588684,0.2087131543314839,0.17972854396698254,0.40442088124815373,0.27423002720291945,0.17822717942055896,0.24163331740619737,0.2305978888357697,0.21050509524678018,0.3244676077440676,0.3179652455393481,0.3847212191693043,0.11215869150643577,0.18990366552859017,0.2821787740786742,0.3000526397072523,0.17680296177169155,0.3231131437879478,0.33950112134219296,0.27736278524370234,0.3316449962631593,0.20281398048798985
CPFE3,0.2805138527391793,0.22139441545664176,0.20862035841791196,0.4145650976131305,0.4656099931295157,0.22688465502594415,0.2884697155600877,0.3249988648587778,0.4406901449545091,0.32524515393915904,0.2006481689486384,0.4347391446670012,0.3308975183533945,0.48994083478395845,1.0,0.30854220890859047,0.2602824435522146,0.3173203917059458,0.40187590225162134,0.28279723455402933,0.3536034900332897,0.3860942284801938,0.4562271401548562,0.14289660245165758,0.501312302673878,0.4280170095390063,0.36813594239459574,0.39061027620748967,0.1691285456562997,0.30626082528490095,0.26624221722573244,0.28331834917420506,0.27693036921310776,0.241543228284783,0.2234744121812215,0.2700333421449534,0.28894141512679095,0.3698042071539037,0.3741207150226778,0.46741119421872757,0.4572974528974296,0.35225678814299194,0.2369413526999427,0.20201548791563867,0.22023492936603742,0.43466970171157576,0.46795514023255275,0.1283908216936498,0.4158230120370826,0.2175287830423195,0.20324519263084925,0.20305280019564897,0.3114621624474877,0.3846266392291925,0.43194194327900215,0.2348957341773159,0.17229295353872506,0.4193522823408118,0.3044596624615195,0.15492099409886537,0.2693812010276798,0.25040865854305167,0.24375780561093066,0.3147045859214274,0.36584875177477943,0.4382725919997555,0.1472896989968671,0.20047548436727872,0.32236729547167653,0.3101908193771728,0.23921990097356496,0.3814983645469949,0.3850980443238086,0.26612564286305407,0.3520413964775309,0.19703889123032126
CSAN3,0.2996290708636184,0.2051182647860884,0.18784844730867323,0.396877930532309,0.44982176825298853,0.1825447133436735,0.2815749505665441,0.23949656576481684,0.38979157713828294,0.26594238274364346,0.17624468400622667,0.37576778436365077,0.28015463313378064,0.3014555105967456,0.30854220890859047,1.0,0.1915507817068904,0.29343894015153205,0.3358807584731106,0.26378960563043147,0.31144212395997756,0.3278096432145567,0.3058702458062438,0.11815216769235806,0.2992843568824273,0.29484307364665696,0.3369288436995226,0.3114978032355051,0.16700304292526266,0.28220162001312754,0.2520089446280142,0.25154807807577084,0.2698524040432174,0.2294393749997439,0.1932818627232754,0.24300884674771805,0.27501872194901217,0.3239108038593909,0.3418344437158798,0.4515133171028199,0.4368637169227361,0.19908904637610944,0.2606960270280033,0.1839837955895702,0.16086915831469742,0.38857100273890494,0.23479706486124594,0.11201872554554952,0.35985382987014913,0.20555584714434552,0.23042374627916468,0.24027805620403953,0.28050906995458275,0.3421702330676345,0.3936762691078423,0.2581906161423421,0.15887241112667427,0.43032289495761633,0.2152868205199179,0.1777056256642205,0.23564096017445169,0.22321526736340228,0.20675508400836667,0.24873791050552374,0.3471567560646578,0.3120957467007929,0.12810138014386246,0.33450128429170684,0.31869068604492806,0.26075623525918035,0.21227784068344518,0.24623992390964425,0.405777536591498,0.23848243031383298,0.30440291875109704,0.1833896952462151
CSMG3,0.2233712913573517,0.13031569780367142,0.14421035429273518,0.23280795985644703,0.23412125214502663,0.11682281042879229,0.18262379747420368,0.16567873065202707,0.23235164449912052,0.17248744048324197,0.10735953382333005,0.22925805699292146,0.17393433485086485,0.271010534723952,0.2602824435522146,0.1915507817068904,1.0,0.1937885071157168,0.20066636672620772,0.20813397269859568,0.22684423192901546,0.26888722178230395,0.24506966880394707,0.05135784991776831,0.2633842383914837,0.2339588242542072,0.2001402923899349,0.20629775283471707,0.13060571825168005,0.20893820263439347,0.1606944194762942,0.18041869510283506,0.17201190480221892,0.1707738737685526,0.1886360116782968,0.13496903027016155,0.17801112454933027,0.2013925157980515,0.14275593567879782,0.255988850941792,0.24005248187838912,0.16448581402918044,0.12226504756908879,0.1431882325176063,0.07845896828559204,0.23996031580276575,0.28416319330287987,0.1645474386380616,0.22732488908527093,0.13350195404173607,0.14078984888711968,0.15501329888781967,0.16478067162326715,0.18626936006757558,0.20692979855025578,0.16377267419761576,0.10830555073617133,0.26005862154171083,0.1615079197461889,0.06961579059774223,0.16539577382101844,0.1620658765173191,0.16011586088846633,0.20756766469666257,0.20026748478426074,0.36999601287235784,0.07234913505357939,0.13698172409340012,0.17624184947948884,0.1636736495779709,0.1469738619179137,0.2157925886103161,0.20313006826031094,0.1498779498868457,0.178443359791042,0.13432443354620172
CSNA3,0.2517604204561075,0.15301782379617032,0.17987307285210755,0.3642672135211078,0.36484705516933935,0.20860304766868965,0.5863803346742034,0.2551652516751614,0.34693516622751397,0.1983361179313001,0.18999589505836753,0.2829422760434474,0.1992571751811486,0.3376195560281735,0.3173203917059458,0.29343894015153205,0.1937885071157168,1.0,0.32098064429291046,0.20072408607454056,0.30301921004447174,0.26452561439447597,0.33855658314754933,0.16607173957746174,0.2674664804032431,0.2366645084431732,0.3062478057077783,0.2542853987435664,0.08643308411437366,0.31021569426952134,0.618460356944463,0.599429530044832,0.2967151433198406,0.18362867606312724,0.210010955513761,0.22260770319000078,0.23408447837489427,0.2857375503288728,0.24658977195453238,0.3552412161262755,0.35104421435363004,0.2308812393651175,0.2425285872031127,0.14812968950851754,0.24202741967581426,0.32349696397737593,0.27491455378173585,0.18315898609292725,0.2936613310182802,0.16399164746598965,0.21661623333165664,0.2155340969270493,0.2646652721606488,0.28936462073775465,0.28557259037626403,0.25276925471915535,0.158652319846742,0.4403170045518389,0.18553307600543423,0.14902825117698557,0.16551230039358175,0.20137921686764218,0.184711117261776,0.27005575153993844,0.3218233230262816,0.2824642309621207,0.12839875256871836,0.13177573352833277,0.2869114733730412,0.27589333045758085,0.19050300827162264,0.19940219384421565,0.28758872943809777,0.5797760193006788,0.2560672183281891,0.1676005518947769
CYRE3,0.32879643848114276,0.27944458821060764,0.23571658088603992,0.43164491036925884,0.4553031047163182,0.19261668189439698,0.3212571071934614,0.31113055594130407,0.4817857745646368,0.3581921247462464,0.22238487099443457,0.41727436185587075,0.3116560279432145,0.371161859583098,0.40187590225162134,0.3358807584731106,0.20066636672620772,0.32098064429291046,1.0,0.3657009353851308,0.39264818759451625,0.36814439416675654,0.38343546172041926,0.11056350820108804,0.3409410352842082,0.32573410372659123,0.4978699183927194,0.5139935106774277,0.1356083964652068,0.4302130852590587,0.24990799835288882,0.291186718985484,0.3276243775053811,0.27485584338135954,0.20512390013962442,0.32892957002474454,0.33833167346828025,0.3903737135785258,0.3826573529884641,0.46583296426442866,0.46239935184121944,0.3189020385291285,0.29420665727088846,0.2436646586647396,0.20984112740156052,0.4154881313031069,0.33700167495617533,0.14767694564445502,0.3973266494565624,0.23457433083236365,0.21348338398830838,0.3024660746648224,0.27652301623462566,0.4578251495425609,0.41800498569594274,0.2846134465001467,0.19739761808663012,0.3994200052855922,0.2962063048340142,0.1891705779245842,0.252707741194887,0.25180933985517645,0.2160614751404628,0.3469110706545678,0.38588153897476674,0.3394907226599198,0.14462992949937617,0.20225350382087037,0.42137378826388383,0.2662966428992973,0.19424551638465132,0.3097357562057561,0.3384577381421351,0.2649434643583593,0.33364479750205267,0.1713148449075202
DIRR3,0.2926266447229831,0.18194094947413392,0.21214300907302577,0.3313315855593239,0.36575676420356235,0.1539342825406275,0.17691393363721614,0.2321602095105877,0.3176784403030793,0.23208235191431772,0.16247361645108926,0.31688009245635435,0.20628264897582885,0.23897178191409496,0.28279723455402933,0.26378960563043147,0.20813397269859568,0.20072408607454056,0.3657009353851308,1.0,0.2928346849547909,0.2913759622086341,0.2391769599258679,0.08335857661764176,0.2471917140872135,0.2684686487134959,0.3554985075927247,0.37009130250631445,0.1415911036737456,0.3182644277733811,0.1640082640132953,0.1835662493268121,0.22429671202745993,0.23285061005664234,0.20327693950336312,0.2302205240671972,0.23380345998004476,0.26937054170861346,0.2633930848298553,0.3696968846268137,0.36237096929897766,0.19352522235801078,0.25481507927928854,0.2208449608299048,0.13232825295958334,0.32683663168500643,0.26846993134826325,0.16351231281910708,0.27516140818361023,0.13841534086595592,0.22019939663913132,0.24025729582663058,0.23615511142530998,0.3626560923718354,0.3516437460094549,0.2534812392618514,0.13789655616314409,0.2785429928903256,0.2525981165451047,0.13627531534847967,0.20618313025378807,0.17282200060428454,0.15864246082580435,0.347356948253175,0.2695122477601796,0.29528396763008113,0.14712804167253477,0.1582086347314463,0.2950623417636719,0.20210734043255452,0.19288481118675008,0.2552987691650172,0.23033599968942697,0.14909864969468392,0.24657165572041034,0.15244722552471504
DTEX3,0.30143608332989,0.2281617488196227,0.1800273503299918,0.3687995163607624,0.4361900420747125,0.20194378395920418,0.31502493844270085,0.24485770397703227,0.4045778902050543,0.25493900770029404,0.23071961986616482,0.35086478306130675,0.28570764454399183,0.3234903553457106,0.3536034900332897,0.31144212395997756,0.22684423192901546,0.30301921004447174,0.39264818759451625,0.2928346849547909,1.0,0.3434766562401359,0.33523991774654666,0.13118837679124234,0.2877776973397199,0.2753043956251889,0.3432889542327188,0.3891858188681278,0.13539148485606742,0.30686670356406326,0.29518516812734563,0.30188675908715423,0.2511986395573243,0.2486191369480004,0.22685160382945405,0.2513966751472716,0.31268373100488583,0.33177604475403755,0.3203832004914489,0.43952483122911157,0.425713021469592,0.22168259686740605,0.2341815903606255,0.17489155160545844,0.21392690913019322,0.3832197268342813,0.2900027580752801,0.13229330133584438,0.38014717311597274,0.23557192895174425,0.251364101576326,0.26426441337042955,0.23464856700359124,0.3343313615747664,0.37308973955871694,0.2924558233150846,0.17892514241662194,0.38184723544184124,0.2760900585602939,0.16636674944095095,0.2663975648080047,0.22725706677363108,0.20804906945012963,0.33808188906549325,0.3632999298272509,0.3370905697207465,0.0819492099197117,0.16312495616307945,0.2975837102886013,0.2732923891932161,0.21783996160242328,0.2721865192885555,0.3098345869945911,0.2743455949000374,0.33102006441796916,0.21855662518251867
ECOR3,0.2556986932267586,0.2217602616896037,0.20485861180216017,0.4033802308307069,0.4244576856322197,0.1629147299558684,0.31071005131453755,0.28433297511776384,0.4241529785222537,0.270598604660532,0.15801070515106838,0.5686646276773963,0.32970232322887516,0.3262472645615833,0.3860942284801938,0.3278096432145567,0.26888722178230395,0.26452561439447597,0.36814439416675654,0.2913759622086341,0.3434766562401359,1.0,0.3024872894632086,0.11531937145954078,0.30293082750537165,0.3078848970760325,0.31518717960368825,0.3380668265601316,0.1498315951075218,0.2779296609122658,0.2642627708233633,0.2680869873685739,0.3067360610748903,0.21181377446927452,0.23135679222076938,0.22556428024516662,0.2791538138773802,0.3238843489964948,0.31914659903560977,0.4284513325256591,0.4229468687775597,0.24291663217091608,0.23822580391829007,0.2762409465074095,0.13775950326437728,0.40441026239072664,0.30157356311918515,0.18683277405293006,0.3821923698539947,0.23446207810506878,0.223178055237375,0.24391732754274698,0.2367857342157555,0.3002224483392127,0.3932498641218352,0.2335589220954114,0.17593745661826615,0.3785867288122822,0.2625188311587502,0.16691617736711317,0.31808639037198305,0.2571542094964244,0.24696039271500073,0.31963528723851353,0.3921111858984468,0.35007528266632565,0.1047687641979079,0.2254776154531194,0.29329158960827323,0.26538752134289306,0.23676055339721275,0.2780186919349778,0.34823646130114294,0.24600331757405464,0.3317557187264265,0.24138412464329956
ELET3,0.3058896464748765,0.1831196080766867,0.20457874974873883,0.41992155370847406,0.44712926591042024,0.16877550882850945,0.3021087651156937,0.21744353909645478,0.3555582274319685,0.32663613358452126,0.19237068124766862,0.3437684013874965,0.24886547974330447,0.4511828378931034,0.4562271401548562,0.3058702458062438,0.24506966880394707,0.33855658314754933,0.38343546172041926,0.2391769599258679,0.33523991774654666,0.3024872894632086,1.0,0.09686879411329145,0.3849054262608513,0.3371745535188778,0.3514457378360297,0.34495250251241655,0.12503680315806096,0.35637526302157335,0.275420715507019,0.28866970099161543,0.31602645181780176,0.23208609368041463,0.2092047413606064,0.23662289068325731,0.3127338194881403,0.32020327103998997,0.3046867154293437,0.45339290596893606,0.42059876205343205,0.2572966788610022,0.2599208519362927,0.2227035274614589,0.19769220967796555,0.36844521478149767,0.4126410145877862,0.11897535146471612,0.36323043541730976,0.21747723860786963,0.19207545568762255,0.24198431284708263,0.26741537127146964,0.3345243926323117,0.306809047826622,0.24968136406072408,0.2010378370619872,0.41657660451708156,0.26145678641203796,0.19335011861117415,0.26508331080075015,0.24405605353661744,0.2226037448970957,0.3093758121752335,0.3285898855595395,0.3833130827195847,0.0819887853005909,0.2262798212773886,0.31298485885623684,0.2578734806275796,0.19649711696505512,0.34446798718135957,0.31513081776639235,0.2786211804316814,0.2695392198713302,0.15814992696931093
EMBR3,0.09340053632996341,0.1076867252593213,0.08141640097476947,0.11742652996281168,0.1751263440645285,0.17187500393392635,0.1701126155237599,0.20604330058929304,0.09877870644633409,0.06796265488086929,0.14221813857635562,0.11590674139195296,0.15055855417986075,0.14498118890075426,0.14289660245165758,0.11815216769235806,0.05135784991776831,0.16607173957746174,0.11056350820108804,0.08335857661764176,0.13118837679124234,0.11531937145954078,0.09686879411329145,1.0,0.09597600722955828,0.08437457564443247,0.11757306332119548,0.11183088572974549,0.06263277499518413,0.12518379476856292,0.19114552722811728,0.17972744370041405,0.11353035741749393,0.1270578866007588,0.10085901846609636,0.07662179105868167,0.08083493186263362,0.13470255197314343,0.10084776279294864,0.15758961159687382,0.16893448065951383,0.12945453920164027,0.14166737741313673,0.09543320983238417,0.20830418225729114,0.17371472613695293,0.1054577319236248,0.05795085991153038,0.1338296395362511,0.12387225662118694,0.057724896077528204,0.08652535616160274,0.14501498172028582,0.09661082227466819,0.09111380341813805,0.07108236983576753,0.09264639754467757,0.13868492882258387,0.0683467599549223,0.076190447983893,0.11782580754301726,0.07692061495609682,0.07790464644552697,0.10012374667577706,0.11626677417913324,0.16740313011513128,0.07927719226773525,0.1402794656782096,0.08318656525336723,0.22836742636177942,0.14130045171373634,0.11861307938598756,0.21124204307175967,0.18939862627385914,0.20989051458582902,0.21011067882359763
ENBR3,0.24429189860769693,0.16907691482460602,0.18806859051249944,0.3532505360959711,0.3712638004602154,0.16350735317461454,0.26087740258341974,0.23359479497488542,0.32545293572835626,0.3056025287712536,0.16753591836310744,0.35433416708543375,0.23557257288533978,0.4142997255797452,0.501312302673878,0.2992843568824273,0.2633842383914837,0.2674664804032431,0.3409410352842082,0.2471917140872135,0.2877776973397199,0.30293082750537165,0.3849054262608513,0.09597600722955828,1.0,0.3795878336336532,0.27624518612928306,0.2829774989610299,0.14437839923394594,0.2916153863253658,0.22444047288063482,0.24291174494532192,0.2489365413115017,0.24433065884342428,0.18215619859348703,0.19334355205728498,0.26559459757475057,0.32410928557911706,0.28862027349902764,0.3877237873751609,0.3831737747395719,0.27043096708799924,0.2136344685140854,0.18884395209536622,0.2041979807913976,0.35739867156447214,0.4094645354783609,0.12812417854054356,0.3359202902773689,0.1927107330204593,0.17029541114676508,0.20839652362568176,0.29604234444236277,0.3279453980007854,0.3096801143728562,0.24061186319154926,0.1584585348115199,0.3222796900318322,0.2617539164727481,0.14896046419606676,0.24508292472932555,0.2070914604335213,0.19699089910895423,0.26908283949492967,0.30991936059531416,0.3466406956059613,0.12019976970254352,0.18914728616455584,0.2803485741967991,0.24519114307905257,0.18829251300949906,0.30233910188336044,0.3253778392365354,0.23209078809132616,0.266263251106323,0.1729591864487973
EQTL3,0.2574046144604018,0.19581247172939395,0.1987389289443417,0.3423673267301165,0.3588390325502625,0.16463685222883512,0.20519903747118876,0.1825450584127565,0.3277349122830931,0.2491173542405746,0.16959494790333932,0.3422402982164341,0.3124934526121174,0.34761823528341707,0.4280170095390063,0.29484307364665696,0.2339588242542072,0.2366645084431732,0.32573410372659123,0.2684686487134959,0.2753043956251889,0.3078848970760325,0.3371745535188778,0.08437457564443247,0.3795878336336532,1.0,0.33730433377088265,0.3223352530704382,0.17106562203380463,0.2599267498086863,0.2058124947740839,0.20518429500679475,0.24028659698548738,0.2260794509621374,0.18456262818202424,0.22351552196046132,0.2606810226916045,0.29695187551163965,0.29086052295449494,0.39639409144621096,0.36831890204614254,0.16883894364178337,0.21563178767553154,0.18833504874822002,0.17194955914815507,0.3361547658995587,0.3114325036570711,0.17606398293761316,0.3583313128615815,0.17985840834573755,0.13946082744870034,0.1832470356112569,0.22564820608476677,0.31439095614472085,0.36221629042544234,0.20452656968750021,0.13766534536171576,0.34343732086065537,0.23305716729701711,0.14952514716456294,0.19092279432631878,0.24558306896104132,0.23480198600698093,0.2561653981337618,0.3076116497320287,0.365493442274643,0.10964387737512488,0.19933010943120755,0.2975514182657036,0.238192502522051,0.2097140488944017,0.31597341641651255,0.3050868807301115,0.19018415446979306,0.25938239084588743,0.19939374083746253
